1101
1102
1103
2100
3101
3102
3103
3109
11110
11121
11122
11123
11124
11125
11126
11127
11129
11130
11140
11201
11202
11203
11204
12111
12112
12113
12119
12121
12122
12123
12129
12130
12191
12192
12193
12194
12195
12196
12197
12199
12211
12212
12213
12214
12215
12219
12221
12222
12231
12232
12233
12239
13111
13112
13113
13114
13115
13121
13122
13211
13212
13213
13214
13215
13221
13222
13223
13231
13232
13233
13234
13235
13239
13241
13242
13243
13244
13245
13249
13301
13302
13303
13309
13411
13412
13413
13421
13422
13423
13424
13425
13429
13431
13432
13433
13434
13439
13441
13442
13443
13451
13452
13453
13454
13455
13456
13459
13461
13462
13491
13492
13493
13494
13495
13499
14111
14112
14113
14119
14121
14122
14123
14124
14125
14126
14129
14201
14202
14311
14312
14313
14314
14319
14391
14392
14393
14394
14395
14399
21111
21112
21113
21114
21119
21120
21131
21132
21133
21134
21135
21139
21141
21142
21143
21144
21149
21201
21202
21203
21311
21312
21313
21314
21315
21316
21317
21318
21319
21321
21322
21323
21324
21325
21326
21329
21330
21411
21412
21413
21414
21415
21416
21419
21421
21422
21423
21424
21425
21426
21427
21428
21429
21430
21441
21442
21443
21444
21445
21446
21449
21451
21452
21453
21454
21455
21456
21459
21461
21462
21463
21464
21465
21466
21469
21491
21492
21493
21494
21495
21496
21497
21498
21499
21511
21512
21513
21514
21515
21516
21517
21518
21519
21521
21522
21523
21524
21525
21526
21529
21531
21532
21533
21534
21535
21536
21539
21610
21620
21631
21632
21640
21650
21660
22111
22112
22113
22119
22121
22122
22123
22124
22125
22126
22127
22128
22129
22211
22212
22213
22214
22215
22216
22217
22218
22219
22221
22222
22223
22224
22229
22300
22400
22500
22611
22612
22613
22614
22619
22621
22622
22623
22629
22630
22641
22642
22643
22644
22649
22650
22661
22662
22663
22669
22671
22672
22673
22679
22691
22692
22693
22699
23101
23102
23103
23104
23105
23106
23107
23201
23202
23203
23204
23301
23302
23303
23411
23412
23420
23511
23512
23513
23514
23515
23519
23521
23522
23523
23524
23525
23526
23527
23529
23530
23540
23550
23560
23591
23592
23593
23594
23595
23596
23599
24111
24112
24113
24114
24115
24116
24119
24121
24122
24123
24124
24125
24129
24131
24132
24133
24134
24135
24136
24139
24210
24221
24222
24223
24224
24225
24226
24227
24228
24229
24230
24240
24311
24312
24313
24320
24331
24332
24333
24334
24335
24336
24337
24339
24340
25110
25120
25130
25210
25220
25230
25290
26111
26112
26113
26114
26119
26121
26122
26123
26124
26129
26191
26192
26193
26194
26195
26196
26199
26211
26212
26213
26220
26311
26312
26321
26322
26323
26324
26325
26326
26329
26330
26341
26342
26343
26344
26345
26349
26351
26352
26353
26354
26355
26356
26357
26359
26360
26410
26421
26422
26423
26424
26429
26431
26432
26511
26512
26513
26514
26519
26521
26522
26523
26524
26525
26529
26531
26532
26533
26534
26539
26541
26542
26543
26544
26549
26550
26561
26562
26569
26590
31111
31112
31113
31114
31115
31116
31117
31119
31121
31122
31123
31124
31125
31126
31127
31128
31129
31131
31132
31133
31134
31135
31136
31137
31138
31139
31141
31142
31143
31144
31145
31146
31147
31148
31149
31151
31152
31153
31154
31155
31156
31157
31158
31159
31161
31162
31163
31164
31165
31166
31167
31169
31171
31172
31173
31174
31175
31176
31177
31178
31179
31181
31182
31183
31189
31191
31192
31193
31194
31195
31196
31197
31198
31199
31211
31212
31213
31221
31222
31223
31224
31225
31226
31227
31228
31229
31230
31311
31312
31321
31322
31330
31340
31351
31352
31353
31354
31359
31391
31392
31399
31411
31412
31413
31414
31415
31419
31421
31422
31423
31424
31425
31429
31430
31510
31520
31531
31532
31533
31534
31535
31536
31540
31550
32111
32112
32113
32119
32121
32122
32129
32130
32141
32142
32143
32144
32149
32211
32213
32220
32300
32400
32510
32520
32530
32540
32551
32553
32559
32560
32570
32580
32591
32592
32593
32599
33110
33121
33122
33129
33131
33132
33133
33134
33135
33136
33137
33138
33139
33141
33142
33143
33151
33152
33211
33212
33219
33220
33230
33240
33311
33312
33313
33320
33331
33332
33333
33334
33335
33336
33337
33339
33340
33391
33392
33393
33394
33395
33396
33397
33399
33411
33412
33413
33414
33415
33416
33417
33419
33420
33431
33432
33433
33434
33435
33436
33437
33438
33439
33440
33511
33512
33513
33514
33515
33516
33517
33518
33519
33520
33530
33540
33551
33552
33553
33554
33555
33590
34111
34112
34113
34119
34121
34122
34123
34124
34125
34126
34127
34129
34130
34210
34221
34222
34223
34230
34311
34312
34313
34319
34321
34322
34323
34324
34325
34329
34331
34332
34333
34334
34339
34341
34342
34343
34344
34349
34351
34352
34353
34354
34355
34359
35110
35120
35130
35140
35211
35212
35213
35214
35219
35221
35222
35223
35224
35225
35226
35227
35228
35229
42123
42124
42220
42230
43232
51111
51201
51202
51203
51310
51321
51322
51329
51410
51421
51422
51429
51522
51641
51642
51643
51644
51645
51649
51650
52110
52120
52210
52220
52231
52232
52233
52234
52235
52236
52237
52238
52239
52301
52302
52303
52304
52305
52309
52410
52420
52430
52440
52450
52460
53296
54141
62220
62230
71121
71122
71123
71124
71130
71140
71151
71152
71191
71193
71194
71195
71199
71210
71221
71222
71223
71231
71232
71240
71250
71261
71262
71263
71264
71265
71266
71267
71270
71311
71312
71313
71321
71322
71323
71324
71329
71332
72111
72112
72113
72121
72122
72123
72131
72132
72210
72223
72225
72226
72241
72242
72243
72311
72312
72313
72314
72319
72320
72331
72332
72333
72334
72335
72336
72337
72339
72340
73111
73112
73113
73119
73121
73122
73130
73141
73142
73149
73151
73152
73161
73162
73163
73169
73171
73172
73173
73192
73193
73199
74110
74121
74122
74123
74131
74132
74210
74220
75121
75122
75123
75153
75154
75160
75220
75311
75312
75313
75321
75322
75323
75329
75330
75341
75342
75361
75362
75363
75410
75491
75492
75499
81111
81112
81113
81114
81115
81116
81117
81119
81121
81122
81131
81132
81133
81139
83111
83112
83113
83114
83119
83121
83210
83221
83222
83223
83311
83312
83313
83314
83321
83322
83323
83324
83325
83326
83329
83411
83412
83431
83449
83501
83502
83509
93123
93130
93320
94120
95200